== acierto en val (1617), MEDIA de las 8 direcciones, según el desplazamiento de prueba d (px) ==
compositor                 d=0     d=1     d=2     d=3     d=4     d=5     d=6     d=8    d=10    d=12    d=16  gruesos
tinta · base             0.950   0.923   0.782   0.495   0.291   0.188   0.136   0.090   0.082   0.080   0.090    0.957
8 vistas · base          0.974   0.958   0.863   0.588   0.336   0.207   0.154   0.104   0.102   0.114   0.118    0.971
tinta · solo 1           0.957   0.943   0.848   0.575   0.327   0.215   0.152   0.101   0.090   0.085   0.089    0.964
8 vistas · solo 1        0.986   0.978   0.941   0.765   0.462   0.286   0.207   0.115   0.105   0.109   0.119    0.981
tinta · solo 2           0.929   0.927   0.884   0.708   0.425   0.258   0.178   0.109   0.090   0.086   0.079    0.954
8 vistas · solo 2        0.986   0.984   0.974   0.927   0.719   0.454   0.310   0.165   0.118   0.110   0.105    0.983
tinta · solo 3           0.862   0.862   0.851   0.769   0.564   0.336   0.214   0.125   0.099   0.085   0.080    0.916
8 vistas · solo 3        0.977   0.976   0.973   0.960   0.902   0.710   0.470   0.210   0.126   0.104   0.104    0.974
tinta · solo 4           0.564   0.596   0.643   0.676   0.630   0.460   0.294   0.140   0.104   0.091   0.090    0.586
8 vistas · solo 4        0.939   0.944   0.951   0.955   0.942   0.868   0.657   0.273   0.141   0.106   0.101    0.930
tinta · solo 6           0.067   0.074   0.103   0.175   0.265   0.389   0.476   0.247   0.115   0.071   0.073    0.101
8 vistas · solo 6        0.418   0.449   0.547   0.676   0.802   0.882   0.894   0.608   0.255   0.133   0.100    0.366
tinta · solo 8           0.024   0.026   0.035   0.057   0.097   0.154   0.231   0.448   0.293   0.130   0.083    0.026
8 vistas · solo 8        0.147   0.155   0.180   0.229   0.314   0.443   0.636   0.877   0.621   0.261   0.118    0.147
tinta · ≤1               0.959   0.943   0.845   0.572   0.326   0.214   0.152   0.102   0.089   0.087   0.089    0.964
8 vistas · ≤1            0.988   0.978   0.942   0.762   0.463   0.289   0.209   0.115   0.106   0.113   0.117    0.981
tinta · ≤2               0.945   0.940   0.883   0.688   0.411   0.248   0.177   0.119   0.096   0.092   0.088    0.959
8 vistas · ≤2            0.989   0.984   0.973   0.919   0.704   0.440   0.298   0.163   0.116   0.109   0.106    0.986
tinta · ≤3               0.931   0.925   0.882   0.756   0.522   0.302   0.194   0.121   0.095   0.086   0.089    0.949
8 vistas · ≤3            0.983   0.983   0.977   0.958   0.886   0.676   0.447   0.197   0.120   0.106   0.104    0.986
tinta · ≤4               0.911   0.905   0.865   0.763   0.597   0.382   0.229   0.127   0.096   0.086   0.098    0.932
8 vistas · ≤4            0.980   0.980   0.976   0.965   0.935   0.836   0.605   0.240   0.133   0.107   0.106    0.981
tinta · ≤6               0.866   0.854   0.810   0.707   0.573   0.442   0.321   0.138   0.087   0.073   0.091    0.892
8 vistas · ≤6            0.966   0.964   0.962   0.957   0.941   0.915   0.861   0.465   0.199   0.121   0.092    0.964
tinta · ≤8               0.827   0.815   0.759   0.645   0.502   0.395   0.317   0.194   0.113   0.085   0.092    0.836
8 vistas · ≤8            0.933   0.939   0.938   0.931   0.915   0.896   0.868   0.778   0.409   0.175   0.102    0.937
tinta · solo 12          0.133   0.125   0.107   0.094   0.091   0.094   0.101   0.137   0.296   0.591   0.129    0.133
8 vistas · solo 12       0.101   0.106   0.112   0.120   0.115   0.115   0.134   0.224   0.525   0.846   0.216    0.092
tinta · solo 16          0.153   0.142   0.106   0.081   0.074   0.077   0.088   0.106   0.092   0.139   0.582    0.164
8 vistas · solo 16       0.189   0.193   0.158   0.122   0.092   0.085   0.095   0.123   0.127   0.225   0.773    0.214

== la PEOR de las 8 direcciones ==
tinta · base             0.950   0.884   0.660   0.281   0.123   0.070   0.050   0.038   0.037   0.037   0.019
8 vistas · base          0.974   0.932   0.750   0.342   0.127   0.081   0.082   0.086   0.075   0.089   0.101
tinta · solo 1           0.957   0.931   0.774   0.380   0.157   0.100   0.061   0.045   0.048   0.039   0.026
8 vistas · solo 1        0.986   0.970   0.906   0.587   0.219   0.104   0.095   0.053   0.076   0.090   0.092
tinta · solo 2           0.929   0.916   0.842   0.589   0.201   0.101   0.051   0.012   0.056   0.033   0.013
8 vistas · solo 2        0.986   0.978   0.962   0.876   0.514   0.207   0.126   0.077   0.087   0.081   0.091
tinta · solo 3           0.862   0.852   0.827   0.710   0.409   0.155   0.038   0.013   0.041   0.012   0.010
8 vistas · solo 3        0.977   0.970   0.965   0.945   0.842   0.505   0.216   0.114   0.086   0.067   0.088
tinta · solo 4           0.564   0.553   0.596   0.607   0.570   0.304   0.124   0.056   0.045   0.012   0.024
8 vistas · solo 4        0.939   0.934   0.943   0.948   0.924   0.792   0.417   0.145   0.070   0.070   0.092
tinta · solo 6           0.067   0.059   0.057   0.100   0.159   0.262   0.369   0.146   0.055   0.015   0.027
8 vistas · solo 6        0.418   0.416   0.461   0.577   0.731   0.852   0.878   0.317   0.093   0.057   0.061
tinta · solo 8           0.024   0.017   0.015   0.022   0.056   0.110   0.184   0.308   0.225   0.084   0.027
8 vistas · solo 8        0.147   0.138   0.138   0.171   0.260   0.401   0.583   0.860   0.450   0.116   0.048
tinta · ≤1               0.959   0.929   0.774   0.380   0.158   0.101   0.062   0.044   0.048   0.038   0.033
8 vistas · ≤1            0.988   0.970   0.913   0.582   0.229   0.107   0.096   0.054   0.078   0.089   0.093
tinta · ≤2               0.945   0.930   0.831   0.563   0.207   0.104   0.064   0.025   0.053   0.037   0.045
8 vistas · ≤2            0.989   0.978   0.960   0.855   0.483   0.202   0.127   0.077   0.084   0.076   0.097
tinta · ≤3               0.931   0.912   0.852   0.662   0.364   0.148   0.044   0.011   0.057   0.038   0.003
8 vistas · ≤3            0.983   0.978   0.967   0.942   0.808   0.480   0.217   0.112   0.079   0.062   0.084
tinta · ≤4               0.911   0.898   0.832   0.697   0.464   0.240   0.087   0.019   0.040   0.012   0.010
8 vistas · ≤4            0.980   0.974   0.970   0.953   0.910   0.743   0.372   0.140   0.084   0.070   0.077
tinta · ≤6               0.866   0.842   0.767   0.620   0.458   0.319   0.233   0.074   0.030   0.007   0.021
8 vistas · ≤6            0.966   0.959   0.956   0.944   0.924   0.895   0.824   0.250   0.091   0.056   0.043
tinta · ≤8               0.827   0.798   0.699   0.528   0.365   0.264   0.221   0.064   0.022   0.005   0.044
8 vistas · ≤8            0.933   0.927   0.928   0.922   0.895   0.866   0.834   0.710   0.218   0.088   0.047
tinta · solo 12          0.133   0.113   0.065   0.051   0.049   0.050   0.054   0.074   0.151   0.529   0.051
8 vistas · solo 12       0.101   0.091   0.082   0.084   0.064   0.050   0.053   0.097   0.390   0.828   0.085
tinta · solo 16          0.153   0.125   0.070   0.040   0.038   0.041   0.050   0.036   0.050   0.066   0.464
8 vistas · solo 16       0.189   0.177   0.117   0.082   0.063   0.056   0.055   0.070   0.067   0.067   0.651
